{
    "asset": {
        "generator": "COLLADA2GLTF",
        "version": "2.0"
    },
    "scenes": [
        {
            "nodes": [
                0
            ]
        }
    ],
    "scene": 0,
    "nodes": [
        {
            "children": [
                811,
                810,
                809,
                808,
                807,
                806,
                805,
                804,
                803,
                802,
                801,
                800,
                799,
                798,
                797,
                796,
                795,
                794,
                793,
                792,
                791,
                790,
                789,
                788,
                787,
                786,
                785,
                784,
                783,
                782,
                781,
                780,
                779,
                778,
                777,
                776,
                775,
                774,
                773,
                772,
                771,
                770,
                769,
                768,
                767,
                766,
                765,
                764,
                763,
                762,
                761,
                760,
                759,
                758,
                757,
                756,
                755,
                754,
                753,
                752,
                751,
                750,
                749,
                748,
                747,
                746,
                745,
                744,
                743,
                742,
                741,
                740,
                739,
                738,
                737,
                736,
                735,
                734,
                733,
                732,
                731,
                730,
                729,
                728,
                727,
                726,
                725,
                724,
                723,
                722,
                721,
                720,
                719,
                718,
                717,
                716,
                715,
                714,
                713,
                712,
                711,
                710,
                709,
                708,
                707,
                706,
                705,
                704,
                703,
                702,
                701,
                700,
                699,
                698,
                697,
                696,
                695,
                694,
                693,
                692,
                691,
                690,
                689,
                688,
                687,
                686,
                685,
                684,
                683,
                682,
                681,
                680,
                679,
                678,
                677,
                674,
                673,
                672,
                671,
                670,
                669,
                668,
                667,
                666,
                665,
                664,
                663,
                662,
                661,
                660,
                659,
                658,
                657,
                656,
                655,
                654,
                653,
                652,
                651,
                650,
                649,
                648,
                647,
                646,
                645,
                644,
                643,
                642,
                641,
                640,
                639,
                638,
                637,
                636,
                635,
                634,
                633,
                632,
                631,
                630,
                629,
                628,
                627,
                626,
                625,
                624,
                623,
                622,
                621,
                620,
                619,
                618,
                617,
                616,
                615,
                614,
                613,
                612,
                611,
                610,
                609,
                608,
                607,
                606,
                605,
                604,
                603,
                602,
                601,
                600,
                599,
                598,
                597,
                596,
                595,
                594,
                593,
                592,
                591,
                590,
                589,
                588,
                587,
                586,
                585,
                584,
                583,
                582,
                581,
                580,
                579,
                578,
                577,
                576,
                575,
                574,
                573,
                572,
                571,
                570,
                569,
                568,
                567,
                566,
                565,
                564,
                563,
                562,
                561,
                560,
                559,
                558,
                557,
                556,
                555,
                554,
                553,
                552,
                551,
                550,
                549,
                548,
                547,
                546,
                545,
                544,
                543,
                542,
                541,
                540,
                539,
                538,
                537,
                536,
                535,
                534,
                533,
                532,
                531,
                530,
                529,
                528,
                527,
                526,
                525,
                524,
                523,
                522,
                521,
                520,
                519,
                518,
                517,
                516,
                515,
                514,
                513,
                512,
                511,
                510,
                509,
                508,
                507,
                506,
                505,
                504,
                503,
                502,
                501,
                500,
                499,
                498,
                497,
                496,
                495,
                494,
                493,
                492,
                491,
                490,
                489,
                488,
                487,
                486,
                485,
                484,
                483,
                482,
                481,
                480,
                479,
                478,
                477,
                476,
                475,
                474,
                473,
                472,
                471,
                470,
                469,
                468,
                467,
                466,
                465,
                464,
                463,
                462,
                461,
                460,
                459,
                458,
                457,
                456,
                455,
                454,
                453,
                452,
                451,
                450,
                449,
                448,
                447,
                446,
                445,
                444,
                443,
                442,
                441,
                440,
                439,
                438,
                437,
                436,
                435,
                434,
                433,
                432,
                431,
                430,
                429,
                428,
                427,
                426,
                425,
                424,
                423,
                422,
                421,
                420,
                419,
                418,
                417,
                416,
                415,
                414,
                413,
                412,
                411,
                410,
                409,
                408,
                407,
                406,
                405,
                404,
                403,
                402,
                401,
                400,
                399,
                398,
                397,
                396,
                395,
                394,
                393,
                392,
                391,
                390,
                389,
                388,
                387,
                386,
                385,
                384,
                383,
                382,
                381,
                380,
                379,
                378,
                377,
                376,
                375,
                374,
                373,
                372,
                371,
                370,
                369,
                368,
                367,
                366,
                365,
                364,
                363,
                362,
                361,
                360,
                359,
                358,
                357,
                356,
                355,
                354,
                353,
                352,
                351,
                350,
                349,
                348,
                347,
                346,
                345,
                344,
                343,
                342,
                341,
                340,
                339,
                338,
                337,
                336,
                335,
                334,
                333,
                332,
                331,
                330,
                329,
                328,
                327,
                326,
                325,
                324,
                323,
                322,
                321,
                320,
                319,
                318,
                317,
                316,
                315,
                314,
                313,
                312,
                311,
                310,
                309,
                308,
                307,
                306,
                305,
                304,
                303,
                302,
                301,
                300,
                299,
                298,
                297,
                296,
                295,
                294,
                293,
                292,
                291,
                290,
                289,
                288,
                287,
                286,
                285,
                284,
                283,
                282,
                281,
                280,
                279,
                278,
                277,
                276,
                275,
                274,
                273,
                272,
                271,
                270,
                269,
                268,
                267,
                266,
                265,
                264,
                263,
                262,
                261,
                260,
                259,
                258,
                257,
                256,
                255,
                254,
                253,
                252,
                251,
                250,
                249,
                248,
                247,
                246,
                245,
                244,
                243,
                242,
                241,
                240,
                239,
                238,
                237,
                236,
                235,
                234,
                233,
                232,
                231,
                230,
                229,
                228,
                227,
                226,
                225,
                224,
                223,
                222,
                221,
                220,
                219,
                218,
                217,
                216,
                215,
                214,
                213,
                212,
                211,
                210,
                209,
                208,
                207,
                206,
                205,
                204,
                203,
                202,
                199,
                196,
                193,
                190,
                187,
                184,
                181,
                178,
                175,
                172,
                169,
                166,
                163,
                160,
                157,
                154,
                151,
                148,
                145,
                142,
                139,
                136,
                135,
                132,
                129,
                128,
                127,
                126,
                125,
                124,
                123,
                122,
                121,
                120,
                119,
                118,
                117,
                116,
                115,
                114,
                113,
                112,
                111,
                110,
                109,
                108,
                107,
                106,
                105,
                104,
                103,
                102,
                101,
                100,
                99,
                98,
                97,
                96,
                95,
                94,
                93,
                92,
                91,
                90,
                89,
                88,
                87,
                86,
                85,
                84,
                81,
                78,
                75,
                72,
                69,
                66,
                63,
                60,
                57,
                54,
                51,
                48,
                45,
                42,
                39,
                36,
                33,
                30,
                27,
                24,
                21,
                18,
                15,
                12,
                9,
                6,
                3,
                2,
                1
            ],
            "matrix": [
                1.0,
                0.0,
                0.0,
                0.0,
                0.0,
                0.0,
                -1.0,
                0.0,
                0.0,
                1.0,
                0.0,
                0.0,
                0.0,
                0.0,
                0.0,
                1.0
            ],
            "name": "Z_UP"
        },
        {
            "mesh": 0,
            "name": "1"
        },
        {
            "mesh": 1,
            "name": "59"
        },
        {
            "children": [
                4
            ],
            "matrix": [
                0.012349000200629236,
                -0.9999240040779114,
                -0.0,
                0.0,
                0.995597004890442,
                0.01229500025510788,
                -0.0929270014166832,
                0.0,
                0.09291999787092208,
                0.001148000010289252,
                0.9956730008125304,
                0.0,
                -26.029075622558599,
                12.441143989562989,
                -2.663706064224243,
                1.0
            ],
            "name": "instance-def_28-a720c752-3e25-4dd4-89ea-3fc36800e0a1"
        },
        {
            "children": [
                5
            ],
            "name": "Instance-Def-Step_01"
        },
        {
            "mesh": 2,
            "name": "Extrusion"
        },
        {
            "children": [
                7
            ],
            "matrix": [
                0.012349000200629236,
                -0.9999240040779114,
                0.0,
                0.0,
                0.995597004890442,
                0.01229500025510788,
                -0.0929270014166832,
                0.0,
                0.09291999787092208,
                0.001148000010289252,
                0.9956730008125304,
                0.0,
                -26.02710342407227,
                12.256569862365725,
                -2.465635061264038,
                1.0
            ],
            "name": "instance-def_27-a720c752-3e25-4dd4-89ea-3fc36800e0a1"
        },
        {
            "children": [
                8
            ],
            "name": "Instance-Def-Step_01"
        },
        {
            "mesh": 2,
            "name": "Extrusion"
        },
        {
            "children": [
                10
            ],
            "matrix": [
                0.012349000200629236,
                -0.9999240040779114,
                -0.0,
                0.0,
                0.995597004890442,
                0.01229500025510788,
                -0.0929270014166832,
                0.0,
                0.09291999787092208,
                0.001148000010289252,
                0.9956730008125304,
                0.0,
                -26.02513122558594,
                12.071996688842774,
                -2.267564058303833,
                1.0
            ],
            "name": "instance-def_26-a720c752-3e25-4dd4-89ea-3fc36800e0a1"
        },
        {
            "children": [
                11
            ],
            "name": "Instance-Def-Step_01"
        },
        {
            "mesh": 2,
            "name": "Extrusion"
        },
        {
            "children": [
                13
            ],
            "matrix": [
                0.012349000200629236,
                -0.9999240040779114,
                0.0,
                0.0,
                0.995597004890442,
                0.01229500025510788,
                -0.0929270014166832,
                0.0,
                0.09291999787092208,
                0.001148000010289252,
                0.9956730008125304,
                0.0,
                -26.02315902709961,
                11.887423515319825,
                -2.069493055343628,
                1.0
            ],
            "name": "instance-def_25-a720c752-3e25-4dd4-89ea-3fc36800e0a1"
        },
        {
            "children": [
                14
            ],
            "name": "Instance-Def-Step_01"
        },
        {
            "mesh": 2,
            "name": "Extrusion"
        },
        {
            "children": [
                16
            ],
            "matrix": [
                0.012349000200629236,
                -0.9999240040779114,
                -0.0,
                0.0,
                0.995597004890442,
                0.01229500025510788,
                -0.0929270014166832,
                0.0,
                0.09291999787092208,
                0.001148000010289252,
                0.9956730008125304,
                0.0,
                -26.021188735961919,
                11.702851295471192,
                -1.8714220523834229,
                1.0
            ],
            "name": "instance-def_24-a720c752-3e25-4dd4-89ea-3fc36800e0a1"
        },
        {
            "children": [
                17
            ],
            "name": "Instance-Def-Step_01"
        },
        {
            "mesh": 2,
            "name": "Extrusion"
        },
        {
            "children": [
                19
            ],
            "matrix": [
                0.012349000200629236,
                -0.9999240040779114,
                0.0,
                0.0,
                0.995597004890442,
                0.01229500025510788,
                -0.0929270014166832,
                0.0,
                0.09291999787092208,
                0.001148000010289252,
                0.9956730008125304,
                0.0,
                -26.01921653747559,
                11.518278121948244,
                -1.6733510494232178,
                1.0
            ],
            "name": "instance-def_23-a720c752-3e25-4dd4-89ea-3fc36800e0a1"
        },
        {
            "children": [
                20
            ],
            "name": "Instance-Def-Step_01"
        },
        {
            "mesh": 2,
            "name": "Extrusion"
        },
        {
            "children": [
                22
            ],
            "matrix": [
                0.012349000200629236,
                -0.9999240040779114,
                -0.0,
                0.0,
                0.995597004890442,
                0.01229500025510788,
                -0.0929270014166832,
                0.0,
                0.09291999787092208,
                0.001148000010289252,
                0.9956730008125304,
                0.0,
                -26.01724624633789,
                11.333704948425292,
                -1.4752800464630128,
                1.0
            ],
            "name": "instance-def_22-a720c752-3e25-4dd4-89ea-3fc36800e0a1"
        },
        {
            "children": [
                23
            ],
            "name": "Instance-Def-Step_01"
        },
        {
            "mesh": 2,
            "name": "Extrusion"
        },
        {
            "children": [
                25
            ],
            "matrix": [
                0.012349000200629236,
                -0.9999240040779114,
                -0.0,
                0.0,
                0.995597004890442,
                0.01229500025510788,
                -0.0929270014166832,
                0.0,
                0.09291999787092208,
                0.001148000010289252,
                0.9956730008125304,
                0.0,
                -26.015274047851564,
                11.149131774902344,
                -1.2772090435028077,
                1.0
            ],
            "name": "instance-def_21-a720c752-3e25-4dd4-89ea-3fc36800e0a1"
        },
        {
            "children": [
                26
            ],
            "name": "Instance-Def-Step_01"
        },
        {
            "mesh": 2,
            "name": "Extrusion"
        },
        {
            "children": [
                28
            ],
            "matrix": [
                0.012349000200629236,
                -0.9999240040779114,
                -0.0,
                0.0,
                0.995597004890442,
                0.01229500025510788,
                -0.0929270014166832,
                0.0,
                0.09291999787092208,
                0.001148000010289252,
                0.9956730008125304,
                0.0,
                -26.013301849365236,
                10.964558601379397,
                -1.0791380405426026,
                1.0
            ],
            "name": "instance-def_20-a720c752-3e25-4dd4-89ea-3fc36800e0a1"
        },
        {
            "children": [
                29
            ],
            "name": "Instance-Def-Step_01"
        },
        {
            "mesh": 2,
            "name": "Extrusion"
        },
        {
            "children": [
                31
            ],
            "matrix": [
                0.012349000200629236,
                -0.9999240040779114,
                -0.0,
                0.0,
                0.995597004890442,
                0.01229500025510788,
                -0.0929270014166832,
                0.0,
                0.09291999787092208,
                0.001148000010289252,
                0.9956730008125304,
                0.0,
                -26.01133155822754,
                10.779986381530762,
                -0.8810669779777527,
                1.0
            ],
            "name": "instance-def_19-a720c752-3e25-4dd4-89ea-3fc36800e0a1"
        },
        {
            "children": [
                32
            ],
            "name": "Instance-Def-Step_01"
        },
        {
            "mesh": 2,
            "name": "Extrusion"
        },
        {
            "children": [
                34
            ],
            "matrix": [
                0.012349000200629236,
                -0.9999240040779114,
                0.0,
                0.0,
                0.995597004890442,
                0.01229500025510788,
                -0.0929270014166832,
                0.0,
                0.09291999787092208,
                0.001148000010289252,
                0.9956730008125304,
                0.0,
                -26.00935935974121,
                10.595413208007813,
                -0.6829959750175476,
                1.0
            ],
            "name": "instance-def_18-a720c752-3e25-4dd4-89ea-3fc36800e0a1"
        },
        {
            "children": [
                35
            ],
            "name": "Instance-Def-Step_01"
        },
        {
            "mesh": 2,
            "name": "Extrusion"
        },
        {
            "children": [
                37
            ],
            "matrix": [
                0.012349000200629236,
                -0.9999240040779114,
                -0.0,
                0.0,
                0.995597004890442,
                0.01229500025510788,
                -0.0929270014166832,
                0.0,
                0.09291999787092208,
                0.001148000010289252,
                0.9956730008125304,
                0.0,
                -26.007387161254884,
                10.410840034484864,
                -0.4849250018596649,
                1.0
            ],
            "name": "instance-def_17-a720c752-3e25-4dd4-89ea-3fc36800e0a1"
        },
        {
            "children": [
                38
            ],
            "name": "Instance-Def-Step_01"
        },
        {
            "mesh": 2,
            "name": "Extrusion"
        },
        {
            "children": [
                40
            ],
            "matrix": [
                0.012349000200629236,
                -0.9999240040779114,
                0.0,
                0.0,
                0.995597004890442,
                0.01229500025510788,
                -0.0929270014166832,
                0.0,
                0.09291999787092208,
                0.001148000010289252,
                0.9956730008125304,
                0.0,
                -26.005416870117189,
                10.226266860961914,
                -0.28685399889945986,
                1.0
            ],
            "name": "instance-def_16-a720c752-3e25-4dd4-89ea-3fc36800e0a1"
        },
        {
            "children": [
                41
            ],
            "name": "Instance-Def-Step_01"
        },
        {
            "mesh": 2,
            "name": "Extrusion"
        },
        {
            "children": [
                43
            ],
            "matrix": [
                0.012349000200629236,
                -0.9999240040779114,
                -0.0,
                0.0,
                0.995597004890442,
                0.01229500025510788,
                -0.0929270014166832,
                0.0,
                0.09291999787092208,
                0.001148000010289252,
                0.9956730008125304,
                0.0,
                -26.00344467163086,
                10.041693687438965,
                -0.08878300338983536,
                1.0
            ],
            "name": "instance-def_15-a720c752-3e25-4dd4-89ea-3fc36800e0a1"
        },
        {
            "children": [
                44
            ],
            "name": "Instance-Def-Step_01"
        },
        {
            "mesh": 2,
            "name": "Extrusion"
        },
        {
            "children": [
                46
            ],
            "matrix": [
                0.012349000200629236,
                -0.9999240040779114,
                0.0,
                0.0,
                0.995597004890442,
                0.01229500025510788,
                -0.0929270014166832,
                0.0,
                0.09291999787092208,
                0.001148000010289252,
                0.9956730008125304,
                0.0,
                -26.00147247314453,
                9.857120513916016,
                0.10928799957036972,
                1.0
            ],
            "name": "instance-def_14-a720c752-3e25-4dd4-89ea-3fc36800e0a1"
        },
        {
            "children": [
                47
            ],
            "name": "Instance-Def-Step_01"
        },
        {
            "mesh": 2,
            "name": "Extrusion"
        },
        {
            "children": [
                49
            ],
            "matrix": [
                0.012349000200629236,
                -0.9999240040779114,
                -0.0,
                0.0,
                0.995597004890442,
                0.01229500025510788,
                -0.0929270014166832,
                0.0,
                0.09291999787092208,
                0.001148000010289252,
                0.9956730008125304,
                0.0,
                -25.999500274658204,
                9.672548294067385,
                0.3073590099811554,
                1.0
            ],
            "name": "instance-def_13-a720c752-3e25-4dd4-89ea-3fc36800e0a1"
        },
        {
            "children": [
                50
            ],
            "name": "Instance-Def-Step_01"
        },
        {
            "mesh": 2,
            "name": "Extrusion"
        },
        {
            "children": [
                52
            ],
            "matrix": [
                0.012349000200629236,
                -0.9999240040779114,
                -0.0,
                0.0,
                0.995597004890442,
                0.01229500025510788,
                -0.0929270014166832,
                0.0,
                0.09291999787092208,
                0.001148000010289252,
                0.9956730008125304,
                0.0,
                -25.997528076171876,
                9.487975120544434,
                0.5054299831390381,
                1.0
            ],
            "name": "instance-def_12-a720c752-3e25-4dd4-89ea-3fc36800e0a1"
        },
        {
            "children": [
                53
            ],
            "name": "Instance-Def-Step_01"
        },
        {
            "mesh": 2,
            "name": "Extrusion"
        },
        {
            "children": [
                55
            ],
            "matrix": [
                0.012349000200629236,
                -0.9999240040779114,
                -0.0,
                0.0,
                0.995597004890442,
                0.01229500025510788,
                -0.0929270014166832,
                0.0,
                0.09291999787092208,
                0.001148000010289252,
                0.9956730008125304,
                0.0,
                -25.995555877685548,
                9.303401947021485,
                0.7035009860992432,
                1.0
            ],
            "name": "instance-def_11-a720c752-3e25-4dd4-89ea-3fc36800e0a1"
        },
        {
            "children": [
                56
            ],
            "name": "Instance-Def-Step_01"
        },
        {
            "mesh": 2,
            "name": "Extrusion"
        },
        {
            "children": [
                58
            ],
            "matrix": [
                0.012349000200629236,
                -0.9999240040779114,
                0.0,
                0.0,
                0.995597004890442,
                0.01229500025510788,
                -0.0929270014166832,
                0.0,
                0.09291999787092208,
                0.001148000010289252,
                0.9956730008125304,
                0.0,
                -25.99358367919922,
                9.11882781982422,
                0.9015719890594482,
                1.0
            ],
            "name": "instance-def_10-a720c752-3e25-4dd4-89ea-3fc36800e0a1"
        },
        {
            "children": [
                59
            ],
            "name": "Instance-Def-Step_01"
        },
        {
            "mesh": 2,
            "name": "Extrusion"
        },
        {
            "children": [
                61
            ],
            "matrix": [
                0.012349000200629236,
                -0.9999240040779114,
                0.0,
                0.0,
                0.995597004890442,
                0.01229500025510788,
                -0.0929270014166832,
                0.0,
                0.09291999787092208,
                0.001148000010289252,
                0.9956730008125304,
                0.0,
                -25.991613388061525,
                8.93425464630127,
                1.0996429920196534,
                1.0
            ],
            "name": "instance-def_9-a720c752-3e25-4dd4-89ea-3fc36800e0a1"
        },
        {
            "children": [
                62
            ],
            "name": "Instance-Def-Step_01"
        },
        {
            "mesh": 2,
            "name": "Extrusion"
        },
        {
            "children": [
                64
            ],
            "matrix": [
                0.012349000200629236,
                -0.9999240040779114,
                -0.0,
                0.0,
                0.995597004890442,
                0.01229500025510788,
                -0.0929270014166832,
                0.0,
                0.09291999787092208,
                0.001148000010289252,
                0.9956730008125304,
                0.0,
                -25.989641189575197,
                8.749682426452637,
                1.2977139949798585,
                1.0
            ],
            "name": "instance-def_8-a720c752-3e25-4dd4-89ea-3fc36800e0a1"
        },
        {
            "children": [
                65
            ],
            "name": "Instance-Def-Step_01"
        },
        {
            "mesh": 2,
            "name": "Extrusion"
        },
        {
            "children": [
                67
            ],
            "matrix": [
                0.012349000200629236,
                -0.9999240040779114,
                -0.0,
                0.0,
                0.995597004890442,
                0.01229500025510788,
                -0.0929270014166832,
                0.0,
                0.09291999787092208,
                0.001148000010289252,
                0.9956730008125304,
                0.0,
                -25.987668991088868,
                8.565109252929688,
                1.4957849979400638,
                1.0
            ],
            "name": "instance-def_7-a720c752-3e25-4dd4-89ea-3fc36800e0a1"
        },
        {
            "children": [
                68
            ],
            "name": "Instance-Def-Step_01"
        },
        {
            "mesh": 2,
            "name": "Extrusion"
        },
        {
            "children": [
                70
            ],
            "matrix": [
                0.012349000200629236,
                -0.9999240040779114,
                0.0,
                0.0,
                0.995597004890442,
                0.01229500025510788,
                -0.0929270014166832,
                0.0,
                0.09291999787092208,
                0.001148000010289252,
                0.9956730008125304,
                0.0,
                -25.98570060729981,
                8.380536079406739,
                1.6938560009002686,
                1.0
            ],
            "name": "instance-def_6-a720c752-3e25-4dd4-89ea-3fc36800e0a1"
        },
        {
            "children": [
                71
            ],
            "name": "Instance-Def-Step_01"
        },
        {
            "mesh": 2,
            "name": "Extrusion"
        },
        {
            "children": [
                73
            ],
            "matrix": [
                0.012349000200629236,
                -0.9999240040779114,
                0.0,
                0.0,
                0.995597004890442,
                0.01229500025510788,
                -0.0929270014166832,
                0.0,
                0.09291999787092208,
                0.001148000010289252,
                0.9956730008125304,
                0.0,
                -25.97953224182129,
                7.806433200836182,
                2.288069009780884,
                1.0
            ],
            "name": "instance-def_5-a720c752-3e25-4dd4-89ea-3fc36800e0a1"
        },
        {
            "children": [
                74
            ],
            "name": "Instance-Def-Step_01"
        },
        {
            "mesh": 2,
            "name": "Extrusion"
        },
        {
            "children": [
                76
            ],
            "matrix": [
                0.012349000200629236,
                -0.9999240040779114,
                0.0,
                0.0,
                0.995597004890442,
                0.01229500025510788,
                -0.0929270014166832,
                0.0,
                0.09291999787092208,
                0.001148000010289252,
                0.9956730008125304,
                0.0,
                -25.98372840881348,
                8.195962905883789,
                1.8919270038604737,
                1.0
            ],
            "name": "instance-def_4-a720c752-3e25-4dd4-89ea-3fc36800e0a1"
        },
        {
            "children": [
                77
            ],
            "name": "Instance-Def-Step_01"
        },
        {
            "mesh": 2,
            "name": "Extrusion"
        },
        {
            "children": [
                79
            ],
            "matrix": [
                0.012349000200629236,
                -0.9999240040779114,
                0.0,
                0.0,
                0.995597004890442,
                0.01229500025510788,
                -0.0929270014166832,
                0.0,
                0.09291999787092208,
                0.001148000010289252,
                0.9956730008125304,
                0.0,
                -25.97756004333496,
                7.621860027313232,
                2.486140012741089,
                1.0
            ],
            "name": "instance-def_3-a720c752-3e25-4dd4-89ea-3fc36800e0a1"
        },
        {
            "children": [
                80
            ],
            "name": "Instance-Def-Step_01"
        },
        {
            "mesh": 2,
            "name": "Extrusion"
        },
        {
            "children": [
                82
            ],
            "matrix": [
                0.012349000200629236,
                -0.9999240040779114,
                -0.0,
                0.0,
                0.995597004890442,
                0.01229500025510788,
                -0.0929270014166832,
                0.0,
                0.09291999787092208,
                0.001148000010289252,
                0.9956730008125304,
                0.0,
                -25.98175621032715,
                8.01138973236084,
                2.0899980068206789,
                1.0
            ],
            "name": "instance-def_2-a720c752-3e25-4dd4-89ea-3fc36800e0a1"
        },
        {
            "children": [
                83
            ],
            "name": "Instance-Def-Step_01"
        },
        {
            "mesh": 2,
            "name": "Extrusion"
        },
        {
